    0.01 	0.000097 	  -455 to    455
    0.01 	0.000129 	  -455 to    455
    0.01 	0.000201 	  -455 to    455
    0.01 	0.000270 	  -455 to    455
    0.01 	0.000381 	  -455 to    455
    0.01 	0.000455 	  -455 to    455
    0.01 	0.000611 	  -455 to    455
    0.01 	0.000731 	  -455 to    455
    0.01 	0.000671 	  -455 to    455
    0.01 	0.000888 	  -455 to    455
    0.01 	0.000789 	  -455 to    455
    0.01 	0.000908 	  -455 to    455
    0.01 	0.000928 	  -455 to    455
    0.01 	0.000927 	  -455 to    455
    0.01 	0.000996 	  -455 to    455
    0.01 	0.001045 	  -455 to    455
    0.01 	0.001478 	  -455 to    455
    0.01 	0.001211 	  -455 to    455
    0.01 	0.001343 	  -455 to    455
    0.01 	0.001043 	  -455 to    455
    0.01 	0.001437 	  -455 to    455
    0.01 	0.000801 	  -455 to    455
    0.01 	0.000932 	  -455 to    455
    0.01 	0.001115 	  -455 to    455
    0.01 	0.000815 	  -455 to    455
    0.05 	0.002849 	  -455 to    455
    0.05 	0.004098 	  -455 to    455
    0.05 	0.006441 	  -455 to    455
    0.05 	0.006498 	  -455 to    455
    0.05 	0.005574 	  -455 to    455
    0.05 	0.004708 	  -455 to    455
    0.05 	0.004326 	  -455 to    455
    0.05 	0.004073 	  -455 to    455
    0.05 	0.004495 	  -455 to    455
    0.05 	0.004644 	  -455 to    455
    0.05 	0.004540 	  -455 to    455
    0.05 	0.004199 	  -455 to    455
    0.05 	0.003376 	  -455 to    455
    0.05 	0.003719 	  -455 to    455
    0.05 	0.002777 	  -455 to    455
    0.05 	0.002701 	  -455 to    455
    0.05 	0.003549 	  -455 to    455
    0.05 	0.003020 	  -455 to    455
    0.05 	0.002760 	  -455 to    455
    0.05 	0.002623 	  -455 to    455
    0.05 	0.002131 	  -455 to    455
    0.05 	0.001500 	  -455 to    455
    0.05 	0.002056 	  -455 to    455
    0.05 	0.001646 	  -455 to    455
    0.05 	0.001450 	  -455 to    455
    0.10 	0.013238 	  -455 to    455
    0.10 	0.014161 	  -455 to    455
    0.10 	0.013665 	  -455 to    455
    0.10 	0.009210 	  -455 to    455
    0.10 	0.006681 	  -455 to    455
    0.10 	0.005238 	  -455 to    455
    0.10 	0.004589 	  -455 to    455
    0.10 	0.004215 	  -455 to    455
    0.10 	0.004768 	  -455 to    455
    0.10 	0.004998 	  -455 to    455
    0.10 	0.004788 	  -455 to    455
    0.10 	0.004272 	  -455 to    455
    0.10 	0.003376 	  -455 to    455
    0.10 	0.003720 	  -455 to    455
    0.10 	0.002732 	  -455 to    455
    0.10 	0.002628 	  -455 to    455
    0.10 	0.003486 	  -455 to    455
    0.10 	0.002952 	  -455 to    455
    0.10 	0.002676 	  -455 to    455
    0.10 	0.002550 	  -455 to    455
    0.10 	0.002027 	  -455 to    455
    0.10 	0.001499 	  -455 to    455
    0.10 	0.002026 	  -455 to    455
    0.10 	0.001578 	  -455 to    455
    0.10 	0.001399 	  -455 to    455
    0.50 	0.046589 	  -455 to    455
    0.50 	0.027553 	  -455 to    455
    0.50 	0.016373 	  -455 to    455
    0.50 	0.009026 	  -455 to    455
    0.50 	0.006165 	  -455 to    455
    0.50 	0.004708 	  -455 to    455
    0.50 	0.004063 	  -455 to    455
    0.50 	0.003704 	  -455 to    455
    0.50 	0.004226 	  -455 to    455
    0.50 	0.004452 	  -455 to    455
    0.50 	0.004232 	  -455 to    455
    0.50 	0.003733 	  -455 to    455
    0.50 	0.002936 	  -455 to    455
    0.50 	0.003234 	  -455 to    455
    0.50 	0.002363 	  -455 to    455
    0.50 	0.002266 	  -455 to    455
    0.50 	0.003014 	  -455 to    455
    0.50 	0.002549 	  -455 to    455
    0.50 	0.002305 	  -455 to    455
    0.50 	0.002197 	  -455 to    455
    0.50 	0.001735 	  -455 to    455
    0.50 	0.001307 	  -455 to    455
    0.50 	0.001755 	  -455 to    455
    0.50 	0.001354 	  -455 to    455
    0.50 	0.001203 	  -455 to    455
    1.00 	0.046180 	  -455 to    455
    1.00 	0.026508 	  -455 to    455
    1.00 	0.015432 	  -455 to    455
    1.00 	0.008455 	  -455 to    455
    1.00 	0.005765 	  -455 to    455
    1.00 	0.004399 	  -455 to    455
    1.00 	0.003795 	  -455 to    455
    1.00 	0.003459 	  -455 to    455
    1.00 	0.003947 	  -455 to    455
    1.00 	0.004159 	  -455 to    455
    1.00 	0.003953 	  -455 to    455
    1.00 	0.003486 	  -455 to    455
    1.00 	0.002741 	  -455 to    455
    1.00 	0.003019 	  -455 to    455
    1.00 	0.002206 	  -455 to    455
    1.00 	0.002115 	  -455 to    455
    1.00 	0.002813 	  -455 to    455
    1.00 	0.002379 	  -455 to    455
    1.00 	0.002152 	  -455 to    455
    1.00 	0.002051 	  -455 to    455
    1.00 	0.001619 	  -455 to    455
    1.00 	0.001220 	  -455 to    455
    1.00 	0.001638 	  -455 to    455
    1.00 	0.001264 	  -455 to    455
    1.00 	0.001123 	  -455 to    455
    5.30 	0.039805 	  -455 to    455
    5.30 	0.022642 	  -455 to    455
    5.30 	0.013100 	  -455 to    455
    5.30 	0.007165 	  -455 to    455
    5.30 	0.004883 	  -455 to    455
    5.30 	0.003725 	  -455 to    455
    5.30 	0.003213 	  -455 to    455
    5.30 	0.002928 	  -455 to    455
    5.30 	0.003342 	  -455 to    455
    5.30 	0.003521 	  -455 to    455
    5.30 	0.003346 	  -455 to    455
    5.30 	0.002951 	  -455 to    455
    5.30 	0.002320 	  -455 to    455
    5.30 	0.002556 	  -455 to    455
    5.30 	0.001867 	  -455 to    455
    5.30 	0.001790 	  -455 to    455
    5.30 	0.002381 	  -455 to    455
    5.30 	0.002014 	  -455 to    455
    5.30 	0.001821 	  -455 to    455
    5.30 	0.001736 	  -455 to    455
    5.30 	0.001371 	  -455 to    455
    5.30 	0.001033 	  -455 to    455
    5.30 	0.001386 	  -455 to    455
    5.30 	0.001070 	  -455 to    455
    5.30 	0.000950 	  -455 to    455
   23.00 	0.034388 	  -455 to    455
   23.00 	0.019555 	  -455 to    455
   23.00 	0.011312 	  -455 to    455
   23.00 	0.006186 	  -455 to    455
   23.00 	0.004216 	  -455 to    455
   23.00 	0.003216 	  -455 to    455
   23.00 	0.002775 	  -455 to    455
   23.00 	0.002528 	  -455 to    455
   23.00 	0.002886 	  -455 to    455
   23.00 	0.003040 	  -455 to    455
   23.00 	0.002889 	  -455 to    455
   23.00 	0.002548 	  -455 to    455
   23.00 	0.002003 	  -455 to    455
   23.00 	0.002207 	  -455 to    455
   23.00 	0.001612 	  -455 to    455
   23.00 	0.001546 	  -455 to    455
   23.00 	0.002056 	  -455 to    455
   23.00 	0.001739 	  -455 to    455
   23.00 	0.001572 	  -455 to    455
   23.00 	0.001499 	  -455 to    455
   23.00 	0.001183 	  -455 to    455
   23.00 	0.000892 	  -455 to    455
   23.00 	0.001197 	  -455 to    455
   23.00 	0.000924 	  -455 to    455
   23.00 	0.000821 	  -455 to    455
   43.00 	0.032301 	  -455 to    455
   43.00 	0.018368 	  -455 to    455
   43.00 	0.010626 	  -455 to    455
   43.00 	0.005811 	  -455 to    455
   43.00 	0.003960 	  -455 to    455
   43.00 	0.003021 	  -455 to    455
   43.00 	0.002606 	  -455 to    455
   43.00 	0.002375 	  -455 to    455
   43.00 	0.002710 	  -455 to    455
   43.00 	0.002856 	  -455 to    455
   43.00 	0.002714 	  -455 to    455
   43.00 	0.002393 	  -455 to    455
   43.00 	0.001882 	  -455 to    455
   43.00 	0.002073 	  -455 to    455
   43.00 	0.001514 	  -455 to    455
   43.00 	0.001452 	  -455 to    455
   43.00 	0.001931 	  -455 to    455
   43.00 	0.001633 	  -455 to    455
   43.00 	0.001477 	  -455 to    455
   43.00 	0.001408 	  -455 to    455
   43.00 	0.001112 	  -455 to    455
   43.00 	0.000837 	  -455 to    455
   43.00 	0.001124 	  -455 to    455
   43.00 	0.000868 	  -455 to    455
   43.00 	0.000771 	  -455 to    455
  100.00 	0.029683 	  -455 to    455
  100.00 	0.016879 	  -455 to    455
  100.00 	0.009764 	  -455 to    455
  100.00 	0.005340 	  -455 to    455
  100.00 	0.003639 	  -455 to    455
  100.00 	0.002776 	  -455 to    455
  100.00 	0.002395 	  -455 to    455
  100.00 	0.002182 	  -455 to    455
  100.00 	0.002491 	  -455 to    455
  100.00 	0.002624 	  -455 to    455
  100.00 	0.002494 	  -455 to    455
  100.00 	0.002199 	  -455 to    455
  100.00 	0.001729 	  -455 to    455
  100.00 	0.001905 	  -455 to    455
  100.00 	0.001392 	  -455 to    455
  100.00 	0.001334 	  -455 to    455
  100.00 	0.001775 	  -455 to    455
  100.00 	0.001501 	  -455 to    455
  100.00 	0.001357 	  -455 to    455
  100.00 	0.001293 	  -455 to    455
  100.00 	0.001021 	  -455 to    455
