# source            Freq      Flux_with_backgJy         Flux_with_out_backgJy
AFGL_4029           5.996e+02      1.155e+00      8.1618952716   
AFGL_4029           8.565e+02      1.017e+01      31.7163052989  
AFGL_4029           1.199e+03      4.059e+01      103.60831778   
AFGL_4029           1.874e+03      1.797e+02      264.269376202  
AFGL_4029           4.283e+03      3.497e+02      394.438468431  
AFGL_4029           8.081e+03      4.046e+02      418.902052442  
AFGL_4029           9.517e+03      1.873e+02      193.829061338  
AFGL_4029           1.522e+04      5.725e+01      59.4301493013  
AFGL_4029           3.747e+04      1.034e+01      11.0775656869  
AFGL_4029           3.893e+04      1.288e+01      12.7200649773  
AFGL_4029           5.169e+04      7.128e+00      7.62585172467  
AFGL_4029           6.662e+04      3.623e+00      3.74582030258  
AFGL_4029           8.328e+04      2.601e+00      2.70507753756  
AFGL_437            8.081e+03      5.380e+01      76.6989702388  
AFGL_437            9.517e+03      4.627e+01      65.1046210948  
AFGL_437            1.522e+04      2.237e+01      27.0886454983  
AFGL_437            3.747e+04      2.771e+00      3.31824882063  
AFGL_437            3.893e+04      3.128e+00      3.8938412446   
AFGL_437            5.169e+04      1.558e+00      1.77497557151  
AFGL_437            6.662e+04      7.125e-01      0.777441318803 
AFGL_437            8.328e+04      3.517e-01      0.403875891436 
Cepheus_A           5.996e+02      3.176e+02      411.221245993  
Cepheus_A           8.565e+02      1.054e+03      1291.90954199  
Cepheus_A           1.874e+03      1.088e+04      12005.5692533  
Cepheus_A           4.283e+03      1.464e+04      15297.9889445  
Cepheus_A           8.081e+03      6.262e+03      6274.90053528  
Cepheus_A           9.517e+03      2.771e+03      2726.47203127  
Cepheus_A           1.522e+04      1.379e+02      131.565606467  
Cepheus_A           3.747e+04      1.380e+01      17.4026110903  
Cepheus_A           3.893e+04      2.125e+01      19.003744742   
Cepheus_A           5.169e+04      2.761e+01      30.1120018842  
Cepheus_A           6.662e+04      2.790e+01      28.6743664506  
Cepheus_A           8.328e+04      1.587e+01      16.5118897851  
G35.20-0.74         5.996e+02      1.274e+02      195.721316521  
G35.20-0.74         8.565e+02      4.286e+02      594.464705165  
G35.20-0.74         1.874e+03      2.386e+03      2807.2527066   
G35.20-0.74         4.283e+03      2.628e+03      2732.70094883  
G35.20-0.74         8.102e+03      1.193e+03      1120.23013029  
G35.20-0.74         9.671e+03      5.528e+02      550.600811639  
G35.20-0.74         1.522e+04      6.818e+01      55.9148404744  
G35.20-0.74         1.638e+04      6.303e+01      63.0280896542  
G35.20-0.74         2.562e+04      3.818e+00      3.81771416525  
G35.20-0.74         3.747e+04      3.221e+00      4.90216373042  
G35.20-0.74         5.169e+04      1.840e+00      2.6388992007   
G35.20-0.74         6.662e+04      1.240e+00      1.23814993811  
G35.20-0.74         8.328e+04      4.967e-01      0.604065511739 
G45.47+0.05         5.996e+02      8.674e+00      27.6081765506  
G45.47+0.05         8.565e+02      6.097e+01      113.082092624  
G45.47+0.05         1.199e+03      2.452e+02      388.304260592  
G45.47+0.05         1.874e+03      6.220e+02      886.349193848  
G45.47+0.05         4.283e+03      9.382e+02      1092.74445431  
G45.47+0.05         8.081e+03      2.138e+02      201.76390678   
G45.47+0.05         9.517e+03      1.436e+02      137.682286507  
G45.47+0.05         1.185e+04      4.598e+01      33.7525356809  
G45.47+0.05         1.441e+04      5.142e+00      6.56518264389  
G45.47+0.05         1.638e+04      2.294e+00      2.56192603103  
G45.47+0.05         2.562e+04      3.233e-01      0.135808922378 
G45.47+0.05         2.701e+04      3.608e-01      0.21188273346  
G45.47+0.05         2.855e+04      2.367e+00      0.375957311163 
G45.47+0.05         3.747e+04      1.530e-01      0.132653981182 
G45.47+0.05         6.662e+04      2.456e-01      0.346093693732 
G45.47+0.05         7.889e+04      1.176e-01      0.0811286195938
G45.47+0.05         1.428e+05      2.193e-02      0.0818651524612
IRAS_07299-1651     8.081e+03      6.811e+02      704.959239353  
IRAS_07299-1651     9.517e+03      4.460e+02      458.460432783  
IRAS_07299-1651     1.522e+04      7.382e+01      74.0393990611  
IRAS_07299-1651     2.562e+04      1.558e+00      1.71199429851  
IRAS_07299-1651     3.747e+04      2.304e+00      2.50885466796  
IRAS_07299-1651     3.893e+04      3.478e+00      3.31421095782  
IRAS_07299-1651     5.169e+04      2.962e+00      3.14839208753  
IRAS_07299-1651     6.662e+04      2.409e+00      2.5433206955   
IRAS_07299-1651     8.328e+04      1.336e+00      1.42334797969  
IRAS_20126+4104     5.996e+02      2.932e+00      11.0667050816  
IRAS_20126+4104     8.565e+02      2.539e+01      51.6140152644  
IRAS_20126+4104     1.199e+03      1.430e+02      210.160130014  
IRAS_20126+4104     1.874e+03      6.547e+02      783.369258805  
IRAS_20126+4104     4.283e+03      1.398e+03      1519.0530284   
IRAS_20126+4104     8.081e+03      7.292e+02      738.820699887  
IRAS_20126+4104     9.517e+03      4.381e+02      440.315906421  
IRAS_20126+4104     1.185e+04      1.883e+02      190.122382674  
IRAS_20126+4104     1.638e+04      2.384e+01      23.8436074208  
IRAS_20126+4104     2.398e+04      1.874e+00      1.87351864461  
IRAS_20126+4104     2.701e+04      4.060e-01      0.4177591715260
IRAS_20126+4104     3.747e+04      1.363e+00      2.04408999049  
IRAS_20126+4104     5.169e+04      1.903e+00      2.2390594561   
IRAS_20126+4104     8.328e+04      6.785e-01      0.727920189434 
NGC_7538_IRS9       5.996e+02      1.362e+01      52.0417232015  
NGC_7538_IRS9       8.565e+02      9.061e+01      176.601919265  
NGC_7538_IRS9       1.199e+03      3.436e+02      525.488130375  
NGC_7538_IRS9       1.874e+03      1.019e+03      1296.47303907  
NGC_7538_IRS9       4.283e+03      1.568e+03      1680.67442128  
NGC_7538_IRS9       8.081e+03      8.432e+02      837.118434019  
NGC_7538_IRS9       9.517e+03      6.158e+02      620.357290498  
NGC_7538_IRS9       1.522e+04      1.715e+02      167.663371567  
NGC_7538_IRS9       3.747e+04      4.164e+01      44.2519786014  
NGC_7538_IRS9       3.893e+04      6.424e+01      62.7531111322  
NGC_7538_IRS9       5.169e+04      3.955e+01      41.1675151385  
NGC_7538_IRS9       6.662e+04      7.885e+00      8.15241201347  
NGC_7538_IRS9       8.328e+04      2.796e+00      2.99044287849  
